126660279091107,
123606778945700,
139167410614607,
134749439730439,
79278160807747,
114470991879541,
73212530794034,
82782810302667,
117098533459401,
98977071324924,
138681464105945,
74286223694154,
89453317234219,
110129771879315,
121954710326316,
110728655828490,
102948174338299,
124838580715166,
125167441889504,
84872366931731,
119620694201421,
138776299727102,
81624138086910,
81122733159661,
139384023523754,
110094383840361,
70704255287447,
95726289933285,
82625701321991,
87425263479382,
70422898546036,
90708713400856,
111463796620313,
126868726300319,
119440719673479,
86755328369206,
116860494923822,
89047951373801,
76931452266029,
126536652822320,
76262451455809,
118324252678506,
81137095109745,
135473822529253,
115745937208044,
80994643327195,
92460436869473,
91334688138918,
76542804983153,
125273567197314,
75904737694119,
132669209923331,
138808709540350,
90899256141441,
79840128126700,
84101286431359,
133023010073472,
103161409520842,
140553273952808,
109197074199362,
72194870568634,
78576181414552,
96101513384306,
109045601600533,
95358378288778,
133649161130210,
135699007441378,
74540857740665,
98827955992686,
84124678402493,
130533467059862,
106286785036276,
73611999068370,
117862204130819,
98938034855218,
118294068263591,
93366238510269,
107491126830169,
70617890160755,
118523608287371,
111630762061677,
